v1 = [ 0.,  0.,  2.,  0.,  0.,  2.,  5.,  1.,  5.,  4.,  5.,  9.,  9.,
        3.,  7., 10., 19., 11., 15., 20.,  7., 22.,  0.,  7.,  9., 21.,
       14., 26., 13., 10., 18., 14., 24., 45., 11., 28., 22., 41., 73.,
       31., 41., 56., 20., 11., 35., 31., 52., 79., 32., 29.,  2., 48.,
       58., 37., 33., 49.,  6.,  8., 58., 24., 42.]

v2 = [   0,    0,    2,    2,    2,    4,    9,   10,   15,   19,   24,
         33,   42,   45,   52,   62,   81,   92,  107,  127,  134,  156,
        156,  163,  172,  193,  207,  233,  246,  256,  274,  288,  312,
        357,  368,  396,  418,  459,  532,  563,  604,  660,  680,  691,
        726,  757,  809,  888,  920,  949,  951,  999, 1057, 1094, 1127,
       1176, 1182, 1190, 1248, 1272, 1314]



x=[]
def diferenca(v):
    y= v2[1]
    b= v2[-1]
    for i in v2:
        if y==b:
            a=(y-(v2.pop(0)))
            x.append(a)
            print(x)
        else:
            a=(y-(v2.pop(0)))
            x.append(a)
            return diferenca(v2)

        
print(diferenca(v2))

